 0.000000  4.374927 
 0.050000  5.073799 
 0.100000  5.589849 
 0.150000  6.038023 
 0.200000  6.444820 
 0.250000  6.820748 
 0.300000  7.171776 
 0.350000  7.501840 
 0.400000  7.813715 
 0.450000  8.109452 
 0.500000  8.390621 
 0.550000  8.658464 
 0.600000  8.913985 
 0.650000  9.158018 
 0.700000  9.391263 
 0.750000  9.614319 
 0.800000  9.827706 
 0.850000  10.031877 
 0.900000  10.227232 
 0.950000  10.414129 
 1.000000  10.592885 
 1.050000  10.763789 
 1.100000  10.927101 
 1.150000  11.083059 
 1.200000  11.231878 
 1.250000  11.373758 
 1.300000  11.508880 
 1.350000  11.637411 
 1.400000  11.759508 
 1.450000  11.875312 
 1.500000  11.984956 
 1.550000  12.088561 
 1.600000  12.186241 
 1.650000  12.278101 
 1.700000  12.364235 
 1.750000  12.444734 
 1.800000  12.519679 
 1.850000  12.589146 
 1.900000  12.653203 
 1.950000  12.711913 
 2.000000  12.765333 
 2.050000  12.813515 
 2.100000  12.856504 
 2.150000  12.894342 
 2.200000  12.927063 
 2.250000  12.954700 
 2.300000  12.977276 
 2.350000  12.994814 
 2.400000  13.007330 
 2.450000  13.014834 
 2.500000  13.017335 
 2.550000  13.014834 
 2.600000  13.007330 
 2.650000  12.994814 
 2.700000  12.977276 
 2.750000  12.954700 
 2.800000  12.927063 
 2.850000  12.894342 
 2.900000  12.856504 
 2.950000  12.813515 
 3.000000  12.765333 
 3.050000  12.711913 
 3.100000  12.653203 
 3.150000  12.589146 
 3.200000  12.519679 
 3.250000  12.444734 
 3.300000  12.364235 
 3.350000  12.278101 
 3.400000  12.186241 
 3.450000  12.088561 
 3.500000  11.984956 
 3.550000  11.875312 
 3.600000  11.759508 
 3.650000  11.637411 
 3.700000  11.508880 
 3.750000  11.373758 
 3.800000  11.231878 
 3.850000  11.083059 
 3.900000  10.927101 
 3.950000  10.763789 
 4.000000  10.592885 
 4.050000  10.414129 
 4.100000  10.227232 
 4.150000  10.031877 
 4.200000  9.827706 
 4.250000  9.614319 
 4.300000  9.391263 
 4.350000  9.158018 
 4.400000  8.913985 
 4.450000  8.658464 
 4.500000  8.390621 
 4.550000  8.109452 
 4.600000  7.813715 
 4.650000  7.501840 
 4.700000  7.171776 
 4.750000  6.820748 
 4.800000  6.444820 
 4.850000  6.038023 
 4.900000  5.589849 
 4.950000  5.073799 
 5.000000  4.374927 
