4.736500 0 
5.331235 1 
5.817367 2 
6.244717 3 
6.634395 4 
6.996306 5 
7.335761 6 
7.656039 7 
7.959411 8 
8.247574 9 
8.521869 10 
8.783381 11 
9.033009 12 
9.271513 13 
9.499537 14 
9.717641 15 
9.926310 16 
10.125970 17 
10.317000 18 
10.499738 19 
10.674487 20 
10.841520 21 
11.001085 22 
11.153409 23 
11.298700 24 
11.437146 25 
11.568923 26 
11.694191 27 
11.813098 28 
11.925783 29 
12.032371 30 
12.132981 31 
12.227719 32 
12.316688 33 
12.399979 34 
12.477677 35 
12.549861 36 
12.616603 37 
12.677969 38 
12.734018 39 
12.784804 40 
12.830377 41 
12.870779 42 
12.906049 43 
12.936220 44 
12.961320 45 
12.981371 46 
12.996394 47 
13.006401 48 
13.011403 49 
13.011403 50 
13.006401 51 
12.996394 52 
12.981371 53 
12.961320 54 
12.936220 55 
12.906049 56 
12.870779 57 
12.830377 58 
12.784804 59 
12.734018 60 
12.677969 61 
12.616603 62 
12.549861 63 
12.477677 64 
12.399979 65 
12.316688 66 
12.227719 67 
12.132981 68 
12.032371 69 
11.925783 70 
11.813098 71 
11.694191 72 
11.568923 73 
11.437146 74 
11.298700 75 
11.153409 76 
11.001085 77 
10.841520 78 
10.674487 79 
10.499738 80 
10.317000 81 
10.125970 82 
9.926310 83 
9.717641 84 
9.499537 85 
9.271513 86 
9.033009 87 
8.783381 88 
8.521869 89 
8.247574 90 
7.959411 91 
7.656039 92 
7.335761 93 
6.996306 94 
6.634395 95 
6.244717 96 
5.817367 97 
5.331235 98 
4.736500 99 
